6393
940
784
7247
1555
5518
5337
1773
1049
6764
2912
1802
4246
667
483
2938
139
6444
6842
3873
4615
3510
3379
870
2109
2920
6678
3420
1850
1675
1059
528
2068
5312
4656
3321
2504
3094
1320
6240
795
5958
7067
420
2733
4266
6987
1952
4291
4701
3701
6486
1606
5313
5449
5139
3376
5092
6284
974
5948
1618
2275
2174
4713
7223
3894
3084
3333
4367
3247
4575
5558
6936
4130
1769
1905
4463
289
2234
497
3377
2412
2598
564
4545
1858
3628
6097
4588
6400
3689
4604
1333
6779
375
4956
589
781
5155
5658
3892
1002
2445
1413
4288
2669
5472
2204
1641
2782
7075
258
895
5353
1779
4868
747
5146
5457
3171
767
5746
880
118
10
1061
385
707
4910
2477
208
2596
623
6102
739
5632
980
1050
1101
619
4500
4374
6053
4511
6723
6727
6022
5512
1295
4050
5258
4723
6221
484
2217
5479
4899
3024
2281
6571
7061
6134
3884
7184
5919
4081
4201
3733
1409
1717
5179
5594
798
5971
6536
4432
5047
1252
4002
3463
1056
1263
3003
348
4351
4261
2766
6269
7116
6975
6091
1670
2007
172
518
4089
32
1747
868
1756
4051
6811
3031
5279
5492
2928
6548
6823
1955
3203
765
6417
2815
5579
1785
119
1826
2226
4097
2551
3932
1412
793
3920
3916
5557
5547
6827
5110
7168
3193
5156
6122
6071
4365
4558
878
6509
4209
6770
6064
308
5609
6112
1846
4305
7034
5234
1274
5118
2855
1543
5233
2905
7121
462
3919
1621
5163
3949
1489
4012
4192
2816
3117
5521
290
6622
4745
4691
3623
2054
64
5441
2803
5284
2252
6431
2887
3124
5683
6592
4199
4617
3499
5701
1458
4174
107
5510
5593
6225
234
4404
1767
6132
5667
3141
1535
5721
3417
1020
6993
6205
7123
2848
154
2196
4597
5924
3353
3064
1658
5866
3040
4372
6566
4289
3210
2972
7024
1564
4276
2643
2459
3620
275
4573
1106
4346
3588
2514
4448
6840
2966
6577
1038
3306
4467
1997
5119
5899
4488
4574
6179
277
5456
6276
7180
6088
1838
5735
3800
5646
2218
5953
3605
1115
5158
1257
5216
2639
3598
4895
2211
4378
1709
5830
3237
3723
3534
4280
6809
5690
499
6619
6359
4417
894
928
7236
1551
5601
6052
6479
1466
2793
3567
2715
6317
2664
1465
2155
168
1449
1765
5398
4549
6109
2145
124
1888
4344
1596
1437
3220
2548
5960
5459
6805
5370
2771
2775
7108
5142
808
4525
6169
1578
1492
1870
2500
2693
1111
6529
4491
5870
4072
1503
4492
3211
923
2619
1227
5430
3930
1482
4680
3437
4845
22
6031
649
206
4227
4808
6694
1321
5444
1699
4884
2243
2859
6511
616
2953
4831
6520
5014
1097
6014
6875
4599
6837
6118
2303
4834
80
6547
663
217
6131
5665
5869
1396
1289
3626
5529
5010
4222
5863
2018
1548
7049
1398
3556
683
869
2416
2097
3693
3224
5623
175
336
5473
5926
4353
4249
3849
4768
5664
2168
3674
1284
1916
3955
3560
4985
7053
4308
2644
6478
4795
2483
6166
3557
4430
3698
4738
5713
5245
1134
5181
194
3506
6734
314
1268
495
2348
6887
3197
6697
2055
417
5577
2163
835
3888
5052
1386
6047
4628
645
2187
1064
7036
1294
3765
4986
819
1921
7007
6671
6651
2607
2631
2686
6211
4998
5354
7193
455
1912
6398
5727
6268
3201
1198
1102
5358
977
2026
1862
6857
5465
2788
3443
1173
685
4766
608
1399
5085
6531
618
587
5487
1534
5088
3477
347
3996
3208
1004
3232
2315
3170
6534
5669
3320
4709
3086
4507
559
1594
3404
5425
5628
2456
627
971
4284
853
3509
1180
5311
4191
4008
5126
4048
1065
5257
1724
1953
4911
607
2144
5188
3380
5801
1808
36
5520
1900
3594
3921
6405
3057
3679
6390
6307
5812
3662
2385
6988
2067
3019
6324
2041
6942
405
1094
2564
465
5280
1795
2470
3521
2050
2973
6674
5137
744
914
3412
852
1585
542
210
2185
7046
988
6565
524
2883
5974
5096
5524
6407
1095
892
1452
2691
6139
1867
713
2282
5722
5360
5912
3938
447
6474
6575
5038
4900
2418
6165
3241
1716
1748
4154
4086
6642
5918
3609
6768
2885
2358
1676
6608
5724
467
1500
6121
1431
3390
5582
601
3869
5687
3074
4794
4375
6049
4429
3436
318
3354
436
3768
6258
1172
583
2096
543
3283
4115
3284
754
5252
3482
2212
6070
6890
2835
5965
4057
6901
6190
714
4136
5023
2702
2013
4694
4996
3458
3245
5448
2064
6546
360
1542
821
1169
78
975
6627
7272
1121
6538
25
4901
3863
2072
1039
3169
935
752
6175
1944
4936
5297
4829
4827
3989
2800
2405
2301
3504
4320
2936
457
6442
2146
5461
7196
3222
3366
2980
6992
5173
263
3425
1746
930
674
3580
1665
6681
6610
6012
1896
1962
6527
2455
2008
5345
282
5677
3285
640
3778
3621
5542
2847
3957
4363
3145
2027
5742
5117
4814
148
151
1239
63
6447
4156
686
507
2618
1837
4216
1901
39
4904
2890
4328
5165
2994
6862
1947
6231
3568
5756
4972
6459
2562
949
4880
1446
6216
4011
3829
3027
1928
3143
2329
5898
1831
6344
5817
2356
4657
999
5067
4194
5881
5983
5894
6792
5548
3485
4106
4335
2570
7262
1698
343
1057
3601
2255
2056
5682
4586
5527
6855
6055
4386
3532
5122
3576
2078
7213
2645
6063
4989
4465
6757
874
7023
2060
6111
3871
5977
1330
1620
6645
4506
6297
2863
406
962
735
1799
2442
2443
3872
7167
2817
7285
6812
1168
850
3166
5190
349
636
3559
2000
3405
6185
5829
4976
1965
913
1410
2566
4747
5785
4854
7259
6877
3049
1567
2846
1271
3818
7114
4278
3465
2338
2630
4052
833
3498
4473
153
6859
4846
3646
4548
508
6829
1816
2183
1999
272
4616
4435
3176
6311
4225
2040
1388
692
1894
1468
6555
3175
2752
7099
3163
5378
1326
3058
4455
6152
4935
2655
648
6558
3627
6464
638
4471
6101
4268
3810
1742
738
2840
6595
5834
6773
238
687
5780
2525
6612
2581
4233
5942
5138
6597
3555
3246
6693
6159
5864
3566
1890
6644
1
6201
6935
5555
4183
2396
4811
6123
3454
5210
293
5617
5254
5885
3051
2762
3988
4439
6798
3734
6188
6966
6891
3010
3812
6893
5591
3149
1863
492
2907
1920
5102
6452
5478
4198
490
4804
580
3363
6041
4605
1701
5362
4980
5559
1653
4384
3009
243
5115
1611
2959
4018
1199
1086
5136
70
2888
1872
6414
5505
317
3669
5644
4005
397
4176
7200
2261
4119
2903
3775
5040
1906
3178
4585
3508
6387
4217
2015
4857
5523
4866
4060
1470
803
7287
849
5822
4856
3181
1291
4639
7140
1026
4584
5078
3511
6230
1973
5852
5726
4039
3819
3513
1477
6652
2807
5827
2565
772
421
4062
380
5538
2069
2503
5468
3020
6062
5750
435
4561
134
800
2932
6602
4480
3970
3641
1725
1932
2250
4290
4181
730
2753
4728
5413
5938
2286
262
2629
2369
2016
5411
824
813
6108
2622
6574
5732
4653
6563
5620
5406
6492
1421
637
2345
1970
6281
4314
362
1883
7004
3638
2695
1285
3712
1820
7288
390
7145
1087
2059
6383
4338
1012
6468
2433
3410
4364
2845
82
6949
3673
3977
6184
7228
6202
3861
77
4185
2201
7076
2319
1693
5114
365
1751
2028
3917
1949
2431
7102
4853
5939
2616
4927
4622
4326
2228
7057
4844
2002
757
6356
527
3012
6720
5921
3752
6320
4888
1609
4706
270
4092
2260
1395
3447
6066
4645
3136
3941
7171
3494
47
993
1812
1228
2036
1904
140
540
7237
5759
4516
2587
1733
3895
5194
5743
5850
4329
4497
4173
3771
5009
715
1273
7190
6409
1752
7204
5550
3278
3908
2172
1607
7117
2392
3198
1245
2724
546
3983
1917
6518
563
6029
4172
1432
4099
4076
4595
6815
3104
3850
1248
352
613
1528
1571
7165
6411
5178
1003
5172
3299
4800
5659
3922
2558
7118
4940
5225
5150
6482
6084
359
396
1660
427
4960
5843
6256
7199
2668
3791
6503
7005
6472
5657
4567
2509
3879
3043
6181
6128
612
1902
2224
509
5316
3115
2025
286
1114
1557
6647
6363
6507
2180
6679
4865
3898
310
6712
5207
3288
5144
3512
283
197
4479
6956
5673
329
5776
6685
7009
4684
7055
6934
6708
6222
6490
530
875
5604
5380
1741
4004
605
4475
6854
4109
2948
3622
2772
1678
699
2117
7270
3424
2289
3844
6238
3249
3356
566
4469
6795
5104
2173
6030
371
6904
7084
3125
2017
1680
6145
7019
3089
1109
3925
3011
2918
5872
2426
7257
3372
306
4483
6525
2103
5826
3910
2298
4957
7254
2381
4321
2830
3375
1722
1702
1247
3726
5187
4067
138
1485
6698
3691
2383
4096
5504
2559
181
5127
4275
6594
1131
2665
5272
6242
6937
5278
6882
7263
2797
799
2988
2065
965
6436
3088
1945
7137
202
6603
2197
832
1262
3860
7115
3191
2162
807
4459
3501
1513
4632
5308
4190
3332
5831
6818
1037
4108
4662
5375
2746
3686
6015
2240
7185
4452
5426
2141
7148
5065
6151
460
1914
5298
4958
7147
1125
6333
3271
1203
3491
245
1429
6628
4046
6683
2373
4967
3438
5823
6615
2544
489
1340
4707
442
626
5768
3796
1269
561
5731
1127
6561
5706
723
1927
6119
7161
1045
552
6429
4167
3528
7062
3487
6888
6374
5649
3599
5382
3269
2749
1911
953
5526
4847
5876
3423
5568
5463
1040
470
6313
5048
5539
5680
3226
6932
6560
5590
2831
1805
2403
2004
5367
572
2875
5788
706
3096
5618
3758
6203
3503
6354
2651
6991
2316
6074
1404
7267
5241
6357
851
2491
6116
5763
5070
3066
412
6349
4304
3385
1259
6814
6292
4576
6378
6614
4849
6554
5693
1246
1825
6496
3039
2150
1599
4348
1671
568
6884
3677
1860
1222
3065
4712
3345
6796
7202
5485
2568
1852
6569
4399
3481
1976
1069
7189
5348
2700
2823
110
5502
2647
7242
2696
5580
4565
280
6146
3900
750
1472
2034
5783
4337
620
4135
6737
3889
3907
6017
1155
5889
3902
2879
691
827
3799
2125
1517
654
4635
1829
1706
2153
1010
3823
774
2335
3048
6056
2516
3133
3650
6428
3987
3607
3827
6050
3312
4977
1290
3518
4160
4347
2473
6982
4010
6921
6834
3165
3021
1138
1525
4127
6104
3985
16
5509
6825
3589
5770
6726
2175
2488
1732
6331
5189
6095
634
1144
6919
6819
3654
967
1873
65
3724
4646
2042
200
2453
5651
642
5008
6856
1561
3590
6200
1147
4075
1926
836
7253
6334
5168
5475
42
5260
3707
4825
3196
1743
1445
969
6127
19
6519
2113
7031
4532
4624
4519
7138
4764
2895
6301
3736
4234
5861
3182
5428
3150
7149
1700
6026
4168
6552
5437
3618
7056
2561
2612
7094
4155
6692
915
1200
496
7290
3200
3177
5728
1143
5373
963
4753
6237
4117
1689
4080
6106
3868
128
5747
1055
4600
7042
6443
2439
2942
5586
3913
2925
3308
3753
4162
2765
2628
6163
3367
389
2438
3091
355
2528
1351
120
3595
4926
4763
5694
6824
7144
2710
6598
2593
5483
5865
2164
1091
3535
4931
4494
2922
6038
6508
2346
2826
7276
1574
2485
226
911
936
4700
1655
575
4294
1103
2731
5650
2707
2321
4158
3442
1357
6994
5275
299
4031
2657
2080
2786
2452
2917
1279
6915
2474
1007
2436
2796
2239
4625
4860
1884
2009
419
5611
2188
828
6729
1775
4178
4651
5054
6832
1447
7080
2351
6885
12
4007
6027
7260
4331
418
3264
3098
6583
596
5431
4720
2738
6427
4515
2400
700
6852
5263
1642
1590
4295
4546
4757
4719
3452
3507
5840
4476
4053
1582
4350
3533
4292
3398
3451
2039
720
7212
2536
1522
6418
5283
3406
525
5563
822
1005
7130
6487
1042
1145
3563
712
6254
1188
3675
968
6454
5012
165
6099
2293
5500
3802
466
3890
5162
1474
4145
4629
3596
526
992
6940
143
5160
600
3678
3995
4310
3111
2990
4841
3496
2375
6556
247
1100
259
4797
5470
1575
3260
2759
7208
5018
7052
294
4592
4759
6060
5304
3706
395
458
4442
1067
6368
3008
6280
6419
3062
295
225
6620
4090
5676
1047
5310
2021
1132
4934
6501
4569
471
5795
4955
4352
2519
2270
4401
6830
1821
5589
3571
4303
5071
6804
2588
6607
69
3838
4349
3348
7238
311
7206
5004
6872
2613
1672
383
6176
4820
728
3603
3184
4822
2996
1666
5787
1462
35
6028
1777
1019
5578
174
2734
1605
2506
3441
2760
1519
5022
3904
1565
2384
1697
1570
4580
4170
4445
6861
6263
1864
2307
6911
5513
6120
4000
454
1163
7113
4423
1051
6756
3546
1154
3128
7275
1140
189
2122
6422
3702
602
5288
5186
2256
2585
5587
3233
2708
2595
5368
1587
2884
5170
1196
4908
766
6497
4074
6968
5910
4550
4999
199
1857
2575
797
1694
3663
1417
4100
2320
2689
5300
3054
3313
2919
539
1360
5867
5619
416
11
6567
3714
1668
3230
1778
5715
1450
5875
4912
2422
3531
845
1995
4544
3484
5996
232
3550
646
2681
3725
307
3316
5112
5356
401
6640
2652
3085
4824
6846
1639
5598
1661
4274
2086
6553
6959
5491
2005
3154
1088
4678
6385
5061
5182
3384
3277
6528
3757
5892
2798
6346
4263
177
5349
7014
573
7252
6002
1818
6950
129
3050
3460
3244
5917
6772
264
3737
6745
2986
6686
4982
6984
4560
4898
4703
2029
2667
2560
2066
3867
721
1787
2684
3076
2186
2589
945
6009
1058
4371
3369
4238
1695
3168
7281
5221
4159
2159
4633
3000
5248
1425
2377
1359
1137
743
5947
3478
6741
1267
1804
3340
1635
3606
7186
408
2611
4189
75
6797
4413
6559
6654
1387
3036
3409
1318
4113
6883
1159
3209
1328
2555
5821
5832
5585
6158
932
2864
2091
5352
6278
2137
1576
6684
2856
3188
6938
6609
684
5208
6421
3135
4535
4619
1327
1084
3781
665
4987
493
1122
1568
2273
2901
842
3648
951
896
1338
7018
1166
3078
230
3281
6137
7286
2271
3368
2342
7098
6439
1893
3444
2838
6782
6208
4718
3583
2070
4971
2658
6081
5540
2003
5011
5056
6332
2033
1537
1288
304
7278
3845
1205
24
6182
6036
6776
83
5111
193
2294
1118
2001
5285
6629
2911
4878
6660
4025
4259
4771
6329
4179
5976
6907
1397
6172
2502
3742
2253
5884
5757
727
4990
5796
883
4538
3121
4427
5531
3945
879
2107
5535
6703
2787
522
3476
3466
2934
7079
4250
6900
4551
854
5128
3399
2208
4579
2862
5966
3449
3310
2461
519
5037
3999
327
4142
212
6264
5387
6962
4269
5652
3857
6582
5082
5276
635
5020
3300
1739
5606
1420
2998
6322
4068
1771
4461
1903
4107
2198
796
585
4390
3519
3435
3536
2538
5363
2481
2605
4035
6680
3006
337
1071
5209
2614
491
3700
6581
1988
3415
1264
759
4496
3719
709
260
5103
5120
1160
437
242
7203
3106
4692
3597
2821
6460
3242
3112
361
2006
4944
4163
23
3548
1530
3440
6585
1994
5374
5296
1260
2933
857
4672
5896
5874
1691
2946
1381
2291
4006
733
7103
2413
5484
2497
2997
4205
3307
1876
1735
4505
56
688
7146
3026
5121
2991
6793
3314
7139
3960
1788
964
5255
2360
292
1569
126
745
274
6537
3933
1438
5813
5442
3305
3195
2495
6105
4937
31
1971
4566
4649
4930
67
912
5412
6944
2535
459
4370
4242
2472
6142
5384
4938
603
3862
4022
152
2608
5399
6600
4964
1243
4077
5051
4069
3414
130
374
7182
6463
4389
2089
4862
1762
7104
6506
2498
2084
5436
6886
6423
1853
6617
1608
7152
3087
792
1036
7110
3383
5201
1573
3046
5544
5246
6161
2659
2344
6295
6092
4302
708
2233
6103
838
3343
7266
2182
4256
6089
5819
6544
1760
3743
4241
5267
6219
2557
3696
6207
944
121
3741
2045
783
7111
3110
4607
1081
5236
4832
5055
1426
2524
2049
1978
3749
1224
6077
5607
266
2333
6098
5900
115
1934
6483
5956
2184
1467
6257
658
4095
3429
5603
451
6718
5328
4474
2523
662
6410
973
588
6803
3041
3287
3526
1072
5315
73
3273
5477
2071
2232
2119
6510
2673
2676
4886
328
3806
1029
505
1153
5537
4711
198
155
6093
1636
1382
2741
6711
6424
2517
1292
7074
6195
1384
5671
3832
5410
5434
1613
3317
4182
1310
4341
5599
100
6709
2352
4456
2464
2983
7159
1663
3396
7265
2053
736
1361
5911
6927
3940
4668
1562
1270
4503
6283
6149
2583
4920
571
7083
7070
3864
5691
4909
5662
2870
4772
2943
6455
6929
6541
6955
4665
5371
6493
4581
5488
1316
7090
4028
1171
5062
6753
782
6668
2812
2813
1776
1454
2719
6143
1563
1954
802
3608
1839
1210
3005
1309
1096
6011
6214
6922
5720
926
7261
6471
221
732
4742
5935
4487
4332
5045
2244
3619
2680
3952
3090
843
4534
5305
2829
3328
5134
3161
1092
5164
1895
4212
3446
1034
1540
6841
517
3918
1715
4748
7012
3946
5240
5849
5790
2937
400
3346
3137
3877
2794
3204
4441
6986
6229
2428
6473
5672
4677
7249
3471
2451
6377
6849
5913
1598
3147
5290
6917
7240
6670
4812
3327
5703
1859
6802
4755
2296
6742
4542
593
4789
3953
794
6
4112
1682
578
6778
4951
3081
7256
2466
6003
3540
4406
3561
2160
341
3304
296
609
5003
6034
3
6285
224
5508
3402
2262
3326
5151
3069
1712
698
3721
1550
4925
5964
1979
5708
3928
3982
677
3416
1508
3276
3883
3151
5754
2156
1939
1649
3672
905
510
2740
7166
150
2982
252
4961
3480
1135
6912
7087
6244
1240
2423
407
673
4299
6243
4593
4215
1772
5602
3897
1789
856
3428
6649
4921
429
4528
86
1720
6865
4533
4741
2533
1293
5409
5684
2626
3537
2873
4733
3664
6210
1766
6251
4798
1099
7141
4783
1604
1629
5193
2447
5400
5554
531
2739
4830
3690
1824
1938
581
4997
6791
3439
7155
7032
5588
2930
1075
171
2987
5253
5334
7282
1244
2166
2379
3630
2216
142
4165
816
6638
2382
818
1514
5941
3585
4929
398
4358
4881
6783
5044
7268
4809
6498
1810
3044
5951
5712
1566
6633
1443
236
1194
6514
2409
3683
3256
6905
5379
2531
3885
5810
4596
5391
6044
6148
1192
2810
2902
3142
6367
954
3322
4333
1053
1961
5515
6140
4094
862
1736
3950
3179
55
2370
6043
6178
5350
4785
6813
6046
1352
2203
3263
1325
6025
6006
4073
4437
4397
6851
6789
3359
855
2238
3352
6382
6199
7169
1130
2479
5880
4041
3158
1581
2546
5897
4379
5093
2526
6532
1272
2299
28
3963
3762
5324
4564
5511
2147
2774
3347
1331
6347
4148
6817
2407
1430
6920
1319
2302
4357
6990
1141
3578
628
2048
3972
7172
2660
6085
5643
5017
4556
5804
5443
801
241
830
1844
3329
1669
1560
2709
7020
6765
3290
1306
2865
2402
6909
1980
7109
1380
5222
3223
3572
6892
2468
6399
6794
1687
6760
1355
5980
2199
7191
2340
6973
1835
6748
604
4388
1923
2743
5741
376
203
1476
5549
6253
1455
1505
1415
3655
6579
2886
333
4731
7017
938
6613
4058
6094
5825
6241
3542
2353
1898
1501
1718
363
2730
4591
1280
1369
2313
4774
3777
3331
6136
4118
5369
332
6981
4606
4403
3912
5767
5736
7150
4229
4664
3387
7127
653
6481
2609
4243
6735
3976
2322
4890
3961
1992
3389
6897
40
2350
4460
255
1643
1577
7220
3634
1389
1546
2475
1158
2970
1226
1255
6327
4489
96
760
3653
4414
5909
2139
6198
3250
2617
1119
3523
5200
6082
6154
3394
4418
1744
6449
1796
5101
3833
7205
1915
4458
4003
6895
3280
3298
731
6107
2750
1822
331
742
4045
2962
996
594
5306
2893
2784
3816
3635
5681
536
4892
1495
3975
1204
5422
7027
2285
4765
475
2031
6446
2076
3334
50
111
1529
4421
15
2599
5925
6747
3738
4626
7251
1481
5943
5286
254
1907
3401
1705
102
3839
4126
3319
430
3939
3358
5196
861
4915
5968
1556
163
2482
29
5185
3474
4705
7078
5068
166
4416
5005
957
2465
5806
3992
5637
1731
2330
7047
4530
656
3374
1238
2804
5198
1504
6499
5094
3645
2326
358
6828
6275
4716
3228
4526
5355
6135
2138
2779
7215
7211
3613
3969
76
4647
2460
6079
1013
959
1231
33
5423
549
2976
5709
54
5945
288
3500
1614
6209
6562
1028
2549
3629
3699
5613
4589
3013
4568
5314
3830
1842
6406
4623
3028
2578
2200
1726
5934
661
6866
6437
2278
5013
1405
6953
6732
1502
1021
369
1006
1341
5244
5929
4770
3624
1303
5467
3422
2179
2038
6879
7129
3116
946
7126
6939
5949
2259
5302
726
5773
5698
4040
805
6762
3186
6530
4449
1648
1538
5066
2420
2604
196
3554
5959
485
3717
4735
5446
5223
5497
984
1875
5432
3708
6314
2193
780
6348
4286
1764
6540
1987
5480
1213
4843
6249
2711
6599
3577
5901
1638
3853
5902
3225
6144
2295
983
1871
1627
2118
4059
1615
4873
791
5565
3807
41
4611
5206
4431
4666
2582
2682
2951
3891
6391
6716
66
1475
5202
6308
2872
551
5281
3467
1828
141
5291
504
62
1784
4943
5982
2014
3617
3896
6970
71
5686
2627
2035
3814
2511
3286
4362
2108
1054
1362
3042
1958
494
2690
5997
6133
5908
3876
325
1664
1745
5439
6623
1112
444
989
1435
5249
6666
6110
837
2132
1181
1027
4954
4826
2290
1969
3658
655
4001
6863
5042
3129
6899
3893
6755
185
5525
1001
3295
4655
2325
7284
2194
948
4512
6864
6115
1521
4396
2266
4571
2849
6037
248
7225
2424
3261
1372
4470
5319
3490
650
7105
970
2913
3408
1365
1367
3797
1077
537
2635
5844
886
1595
2471
6646
6420
2092
5007
812
7028
1511
4875
5528
3122
6636
1544
567
2977
3755
644
7181
7073
6326
4387
4493
393
5
2811
4451
357
5029
3215
3063
1023
3421
535
2955
829
1836
1349
2857
1827
2051
89
2432
1612
7160
265
3134
6743
6033
4402
2553
5634
3172
6290
908
5063
5719
4382
5346
3155
3811
2323
5707
779
3766
6304
1801
4563
6752
1313
5700
3030
1032
2349
6445
632
5907
6150
5927
2501
3266
183
1207
5433
6160
3740
184
1679
5533
1941
156
7217
1478
4468
2852
6653
1686
1730
4554
2633
5955
4267
4570
4603
5645
6881
4055
4761
906
3407
2839
207
7106
6695
5205
4807
2272
4137
4453
5381
3061
5053
4634
5545
3432
4220
1217
4952
6836
1628
4325
4598
5954
235
5546
6626
501
6715
6974
1368
5243
690
6035
6754
2947
5888
1215
5035
4608
4988
5969
1984
3378
6896
2819
5016
6780
4393
3836
222
1253
2827
273
2401
2263
7086
2093
3856
6964
3966
1082
574
3998
6013
2791
4376
1406
3593
7143
4917
554
7230
6570
6461
4312
1834
6724
3831
6271
2512
7026
919
315
873
810
768
1098
4682
2419
4334
4919
2209
204
2411
338
844
4447
1617
6910
3119
2726
2780
3023
4016
6688
4318
4859
6404
3991
5716
4520
3032
4446
1378
411
6141
410
579
1403
2440
5566
4422
46
256
276
2899
1418
4153
7021
5567
373
885
6388
4313
1116
5873
6323
5988
1924
4231
1461
817
1959
4316
249
4202
4942
4436
464
5490
555
4640
775
3123
2192
3205
2732
5771
1282
472
4559
159
1861
3614
4907
3213
1738
2527
6197
5805
414
3025
3257
4354
3067
1886
4411
6475
4355
3071
5809
3258
3397
3265
4601
7050
3687
3274
3464
2449
1442
5633
7100
1214
2237
4732
6781
6008
1041
1052
5636
2805
6996
1892
2157
1371
858
218
1990
3870
1364
1179
2104
2755
4758
3370
1968
1533
1759
6843
7244
473
5256
2130
3214
7233
167
6458
3539
5838
2721
5261
4685
5789
3852
6918
6945
1093
434
4695
2833
1966
7072
2824
1014
3530
4717
6259
4020
2190
2223
1823
2043
4038
3767
6167
5624
6057
1943
533
6758
3935
4237
6714
866
2929
6192
4897
562
2079
4030
3974
409
7038
5153
1899
3456
384
2334
1416
1972
3033
2115
6664
4071
2241
4896
3083
937
6260
7136
1761
534
3978
6413
1975
2832
4689
164
5839
722
456
1165
4034
2809
4658
4922
7120
529
2866
4425
7091
3505
445
6096
4161
5711
7219
1491
5639
5710
1547
4258
1654
4762
402
1977
5049
3785
4813
3962
6771
6821
548
3651
4754
5640
641
2781
4992
3362
6573
1471
3887
2367
1242
5560
4688
426
2406
6488
4715
4369
298
5699
1024
5859
5647
3744
1603
6676
4780
195
4767
2213
5366
7151
7092
4495
481
2094
2543
5575
6416
2083
4654
4949
6366
1780
4669
2963
1423
6126
2537
7195
2736
3216
5837
941
1541
4322
187
3022
2728
5266
887
3815
1033
2395
2874
214
3792
1493
6576
6430
5963
7013
6361
4553
1070
4543
4195
4047
2487
3102
6100
58
903
3183
3107
6401
4230
3156
281
5309
5219
2331
659
1931
6784
6998
6806
3848
3174
3851
776
550
5786
2949
2391
1379
1880
4297
3355
1634
7226
4175
6266
899
3543
859
1885
6943
4541
253
2520
1922
5415
884
2662
6408
7039
3632
1558
6342
696
4317
4876
2129
5006
2853
3469
5090
516
3493
1847
5032
5317
4796
1419
2795
3153
3219
5765
3886
6954
5015
917
3148
4648
7255
4848
5614
2397
5856
2931
5108
2860
209
1782
1110
7124
2205
4196
1296
5343
2950
4671
6319
5758
924
5099
3138
4257
3842
582
4885
3433
5970
1633
5543
4027
1151
5471
2408
5903
1342
1136
1182
4749
2390
3302
1436
4296
2799
5600
3692
3344
6484
7277
116
1287
1008
6738
6364
6303
3254
7003
6293
6248
6316
1480
2956
219
6700
2058
7243
157
5842
2388
5340
6763
2802
4877
4419
3666
5753
2597
2191
2264
220
1674
4963
7234
449
4817
5242
4383
826
6924
5084
1948
1559
591
1146
339
2999
689
2646
324
3488
1601
2314
173
2114
6456
4501
5993
6985
6635
5532
498
2529
4627
1241
4218
2640
3688
6641
1249
4146
300
693
1392
4150
5576
5723
3695
5079
3164
3167
5745
1549
26
4186
6007
3140
1414
2024
6995
1022
7170
2698
4787
1610
6952
3382
3956
5438
6224
622
1080
5339
598
558
2717
2297
5293
5995
1177
1015
6717
6521
7174
4522
3981
2444
4111
2590
4206
2518
5503
192
2341
2177
547
5730
2778
705
904
4101
5026
51
269
5717
682
6551
5289
6450
6785
5372
2219
257
1068
5718
5195
1583
1043
1552
52
7119
6433
3745
2476
7030
261
4583
2586
4652
6722
6234
672
1261
1299
4395
2878
3139
4273
7209
5871
1225
1708
5635
5890
5851
976
2098
2754
2985
1117
6206
511
5514
3789
2123
871
6947
1817
3697
4270
3858
6217
7125
4188
3099
4673
5143
92
6731
350
5592
3676
6302
6294
2842
1457
5820
3694
84
4861
942
6371
4663
6173
5979
5561
6328
38
6250
3097
1298
1532
1076
2421
1354
7194
2941
3360
5846
4612
2248
3769
1305
5573
2343
4693
4143
3301
1427
4587
3649
3248
7088
991
2967
3739
4984
6667
3470
1219
1644
6273
5751
5952
7157
1157
3631
3951
6788
3637
1865
5028
5696
2371
366
5752
1814
6138
5489
5989
4803
1479
2790
4947
3911
1673
7097
2318
570
5180
2100
5638
1201
5377
5774
4636
3077
2697
6255
5453
2801
1930
4842
4792
6069
3754
3770
8
2843
5424
5517
4968
7201
4103
2023
2674
5824
746
863
170
4867
6087
3709
4699
5148
1750
5845
2480
1407
4420
320
3231
985
3007
1085
3430
771
6725
702
2399
5725
2727
4670
79
5878
1308
1531
6358
6247
6545
4941
6699
3659
2398
6164
1688
3004
2242
271
2606
6787
5815
1737
5905
5498
5299
1662
724
5464
5762
2287
147
4017
2247
3805
3903
1345
113
61
1300
251
4301
3427
1152
6624
1487
180
5841
5224
3492
1719
1336
7274
2124
2876
3338
4285
2207
5772
4251
4
4221
4084
6375
3515
2441
2706
1237
6155
4141
4408
6853
4140
4232
4734
2458
4730
4323
7177
1133
5081
3386
6004
5402
3152
2761
2939
6113
2170
5522
1592
3760
6634
3047
3014
5176
4061
6090
3612
5833
995
513
4756
5986
4213
4965
4823
1312
2891
4578
1625
2808
6215
2357
6682
5329
3100
4679
1123
4642
1174
3525
5408
1854
6868
5991
428
5858
2836
5944
5987
1277
2410
3108
7095
1448
1602
1035
1062
5100
6023
4751
5235
404
3633
1347
997
2478
5536
1651
2904
2851
615
2656
876
3002
751
2979
6838
1728
3364
664
5264
5159
4123
6187
5962
4675
6967
3776
403
2615
6235
6476
1774
1250
2576
3297
6306
921
1937
4023
1935
1128
5630
3936
4727
611
4621
6335
2677
6129
753
1891
1786
6933
5333
6448
3840
144
6001
523
2
6194
3875
2510
5782
4021
2304
7048
1339
3217
4966
5064
5435
2773
972
6384
1459
1275
5766
4287
5769
2046
6440
106
7246
3053
1510
6124
6054
1637
4872
6370
4870
4696
3251
43
1350
2642
5661
1497
7085
716
3756
5341
3579
5961
2300
860
2229
3759
4282
1148
6587
756
1343
7224
2434
2620
3388
5660
7122
1483
6272
5076
5405
4356
679
5800
5416
4746
5161
5495
1304
4283
2309
4026
6965
4539
785
1089
2820
4472
6218
1433
2716
6867
1044
5145
3502
982
162
3337
6960
4821
2969
2745
5981
5653
4779
4945
2648
2435
3600
5033
6376
3459
625
3103
6632
5854
5232
5761
2530
137
2654
898
2359
3967
6228
3565
1149
4833
2152
6631
244
1315
5395
560
5440
1216
3973
4644
3282
6584
6774
3538
3144
2463
3569
345
3079
5091
2610
6926
1356
2425
1684
2737
2854
1800
6621
595
6315
4033
4638
5855
201
7179
4969
3551
5928
6048
5476
5385
90
5642
3275
3303
2012
3750
3980
5087
3731
4043
5656
7264
4093
2148
2957
6557
2675
3221
6000
105
556
900
3001
3035
4024
4778
1498
6305
3899
1758
7068
6279
108
5109
2245
3553
7134
87
3323
3558
943
6130
6051
53
1553
1078
2927
2601
2101
6963
1334
2176
4838
1589
6858
1256
4883
1490
6380
3943
5058
624
5679
4426
2542
250
93
6457
5357
5002
3105
4082
933
2909
1677
3644
668
5984
4776
4903
2703
3927
2508
1869
1910
1790
1757
1120
2111
5218
1950
7162
2274
4307
4330
1908
7096
2131
6606
820
4660
3882
1809
6204
7239
695
5668
2499
6058
1819
2077
1681
778
2312
2965
2429
5877
3431
2984
2283
4799
7154
4613
18
6997
6524
6300
6441
1630
6286
3582
2545
367
979
5199
14
3779
3732
6639
5418
4743
4088
2221
3296
614
1840
2678
1727
6470
133
4676
4037
6822
2649
3162
6750
6971
2896
21
1494
1175
4793
4407
2900
7035
3130
1740
3584
6719
5330
5027
5417
2814
909
3294
2763
2742
2486
6977
179
815
840
1329
6677
6076
5733
3931
2892
704
5361
5389
1770
786
2376
3268
4562
1283
4816
3056
6777
3411
2603
3715
4110
309
3997
1385
7283
1996
5799
3127
1401
1877
4260
5781
6591
717
1323
6157
7207
6270
6239
2469
4710
6170
3804
5748
4975
1933
6650
6080
2292
4210
3643
4102
5154
6267
1193
3357
302
6799
725
3667
2978
5775
6658
1233
4819
2882
1286
4962
7008
3291
3190
6287
101
6183
6826
6618
3350
520
6637
1366
285
5024
452
2254
2394
122
1025
6979
4837
5978
7082
839
1411
1221
5541
4245
5123
5274
4918
441
2637
4049
3783
3793
3968
1723
4510
1408
3324
6542
392
2653
7269
6816
6749
6338
2573
5507
3146
947
1167
3711
1063
6625
5972
6477
6775
1512
5332
3746
2579
1183
3722
2916
233
1868
2178
303
7089
4740
346
1845
6605
2806
4083
2489
3253
1439
7041
867
432
5336
3187
7060
3929
5931
6663
1276
387
6019
5501
5074
4368
4983
3801
1394
931
4464
4852
5692
2571
5626
2672
2120
2363
7054
1189
907
2010
741
4953
4343
6223
966
958
617
6831
2785
6336
6246
6339
6386
3393
4777
1353
4835
5999
3059
278
3834
1496
4650
5933
592
7000
2496
161
6604
2720
2539
7221
5323
5569
1832
1139
1164
7192
2704
1593
413
4721
463
6704
326
1710
4044
2880
2770
6535
4702
5075
1803
834
4211
4298
3782
5462
5932
2751
2112
1951
3665
4087
5212
2165
4193
335
643
3573
2522
5105
5556
1124
3080
4272
5744
7227
17
5116
927
6075
2276
5386
502
4690
2636
5217
6330
3342
7153
4208
3173
4122
5818
2758
6957
1473
4054
5383
1791
5990
5404
2556
3636
378
30
6568
711
718
4801
3235
6800
3837
1946
6086
5183
6860
6701
675
6340
2215
5273
2450
5828
5039
1048
5396
3748
1486
5077
1993
6125
4916
3905
4166
4674
4105
5427
5936
763
2143
391
2894
6245
4056
6696
4906
425
5072
710
2106
4858
4614
7197
4309
6353
5749
6372
4775
4729
6844
1208
213
1206
3293
5397
1150
6236
6261
3450
3878
5230
4521
2310
3826
3392
190
4959
2269
3784
3964
386
6580
2768
7006
2057
4392
2968
6065
960
6010
3349
694
3924
5147
1616
3468
4631
7043
1981
1422
4271
3786
368
3640
6337
4547
1484
2134
5327
5019
3680
7063
1690
2206
4923
7248
4536
6312
4744
631
6948
5814
5808
2372
669
2387
1424
2167
48
364
4319
3843
606
5259
1060
4643
3859
2361
6435
6513
1017
1794
3292
2757
5792
5331
5450
287
6227
4970
1195
4079
2116
678
5167
1031
7142
553
2747
1813
6426
1667
1191
3132
734
3971
4366
2128
4946
5784
7037
1186
2924
6469
3656
7183
1998
4121
2513
2534
4995
5292
45
2718
5351
5270
5946
5584
1986
3052
2889
2324
916
6517
450
6042
431
5086
5287
5595
5482
7022
5030
3602
7273
4782
7175
487
4948
2783
4994
2030
5663
2210
2415
5192
681
5739
2789
4197
1781
5629
4239
1647
3339
1793
4013
2776
5916
1851
5214
5125
7245
6550
7016
1314
2744
5697
2670
2921
565
6648
6721
6516
3189
6434
6894
6350
4029
3309
6889
1278
388
6669
5175
5466
1929
6878
4620
5307
4132
749
6345
922
9
3639
4537
6903
4839
6432
3825
5778
2769
3489
4905
6643
4485
1083
3817
610
652
6362
2082
881
4513
6114
1957
7250
5572
240
6489
4529
3426
901
2225
4893
5338
1626
3986
1453
6589
1974
5678
2154
109
3279
2279
1645
146
3625
1464
5738
5622
3552
1545
503
4978
2632
4311
6588
1390
227
469
6462
3473
6705
4410
657
5197
4913
3289
6341
4339
3120
7187
2267
5129
3611
4726
3615
2844
6438
3727
6710
1113
6961
1162
4737
3016
846
7
5564
934
4070
5303
3252
4864
5347
877
2121
7064
6870
6233
4514
3809
7176
215
4979
6951
1516
3751
3341
5506
6171
3497
5455
2368
3821
6673
4788
322
1798
2414
4869
6880
94
3937
5891
99
2249
4582
5429
6767
6395
6689
2837
3780
7241
5376
440
5755
3017
2871
4508
3934
5675
5000
3516
6453
4144
284
1184
3798
1170
5089
3820
6983
1016
2621
5215
2944
1374
4902
7051
599
2366
3495
2915
3272
422
6810
6690
5835
2725
5458
773
2347
461
2306
5534
6898
2822
2332
2688
3445
5973
4769
3413
3522
5392
3874
6713
1554
5940
169
2641
6389
865
4504
6232
3101
2756
6730
2877
1090
2841
4889
2592
1619
5957
1251
3391
4933
2277
5454
5797
6999
5621
1830
2136
1197
7235
3126
1018
6147
2032
2236
6288
3229
1009
5847
6299
2960
500
6351
2378
2022
5605
3461
1202
541
2052
6908
2638
2073
3448
7001
1685
3729
3901
2850
2666
5262
950
2308
6564
5704
5597
670
2574
5083
2602
2958
2280
4042
6578
6820
3948
3716
2364
5798
5655
788
590
6494
4683
986
344
1956
6656
2087
1469
978
4502
6925
6274
7112
3795
474
6916
135
2181
4773
1079
3772
4871
3262
5220
6655
4377
1754
2446
211
6914
476
5499
2767
3984
4433
6512
6687
5486
4098
5388
2701
6751
3670
6801
981
4147
103
2554
4015
1714
703
2171
2288
2227
74
149
1797
697
4518
4398
3661
5152
415
4887
6572
2044
4509
5530
3218
4981
841
6466
545
2393
4224
4177
1129
6193
6291
6174
4214
2935
1176
4815
3574
2110
5095
5204
4462
5271
2540
4752
3671
4324
6352
1324
6365
5265
231
5025
5882
5893
3479
228
5967
1879
5937
4125
1940
3483
3642
3075
3240
468
3082
2317
1843
1991
239
4882
1807
5282
132
1919
6902
3335
6980
737
2467
2355
4443
6500
438
6808
72
5868
5036
3073
3520
4914
6869
5080
6005
6850
3541
6761
5171
4552
2457
5857
6153
5950
1258
2867
1887
3315
3705
2550
5031
3763
1363
7198
49
1391
1967
3564
5883
1230
1302
6021
381
7025
5365
6593
4149
4134
98
6744
5326
6989
5403
6059
4128
1703
890
2694
3351
6931
6277
1190
5050
5648
7059
5879
3037
755
6392
44
6807
1236
4490
5393
1909
6523
4253
4226
1833
3575
3761
2974
5059
7218
3475
3570
2047
4139
5705
4104
4078
2722
1011
4184
3660
3055
514
6923
3647
3993
1332
719
6733
5157
512
2189
4602
701
7071
2158
2792
3846
114
1696
4818
7135
6397
4405
136
3718
394
3747
5627
2339
1729
6020
216
3549
6543
1506
3704
4424
68
6402
1297
3118
356
647
5149
4207
4540
882
1156
6394
3790
2687
1580
6522
4306
5596
7011
825
4361
3773
1383
1509
671
515
864
6325
4498
2521
5001
4686
3395
5132
1749
1524
5570
2975
1600
2828
5228
6759
2386
1918
2494
787
5320
6876
2954
2945
2161
831
2692
1815
586
5625
4091
7164
6769
3038
1211
4385
2961
4991
4203
5922
4340
1073
6355
1989
4066
2063
3591
925
3652
160
3926
1721
4409
312
3034
1358
2764
2541
2748
1317
4169
4219
2417
60
4810
1402
3070
804
4572
354
4524
6360
777
3029
532
4924
7045
2971
7210
748
4750
5213
6675
4394
176
5641
4085
2906
2095
2268
4681
81
2362
6691
3774
4235
117
4252
1631
1763
2507
5685
1232
433
5247
2490
1000
4482
2679
4236
6946
1456
5301
5998
5226
5992
6061
5886
3586
4391
6596
4300
651
5211
2898
1254
2169
4704
5229
5238
6412
6068
2995
5581
6515
7066
1657
6839
4499
2671
1066
5239
1925
2365
3192
4641
3045
2011
4527
7231
97
2869
939
3202
3095
1499
3311
2926
3562
3109
20
1488
4345
888
5670
2327
3419
3944
3847
6040
3486
6180
4240
5203
268
5452
1311
5807
2019
2705
3808
2834
3238
6549
3239
5920
4440
1337
889
3227
2142
2623
2714
6847
6039
6369
6736
910
4725
423
633
6485
5268
2735
1440
2140
4204
1161
597
1704
544
1266
6381
506
4381
7173
4247
5177
4120
2151
5862
6252
5562
2214
3604
5994
237
902
5674
5130
5552
3259
3947
2149
2505
5250
1889
4279
5803
2713
5166
3923
4151
1376
5191
6665
3527
246
5451
1983
7069
2354
6196
188
5277
6845
4477
182
5113
6467
424
5034
7107
1588
4973
5493
2897
6707
2135
5364
2952
6018
2075
3735
5895
6265
4336
3990
1393
3544
477
6706
95
1897
3855
4180
3813
740
6177
758
660
6451
91
6972
5098
639
4484
5394
5318
4637
13
1281
1849
330
2251
2624
4610
5608
2305
4630
5734
3455
158
4874
3616
7101
7279
6976
297
3730
6539
6016
5985
1322
2923
2085
3092
4063
1856
809
4879
3979
3942
3068
3180
4187
5447
1692
4157
1223
6790
7058
2284
769
1936
4131
6746
3194
6343
5777
5616
2374
1841
6309
1104
918
5231
1187
1460
34
3587
2685
3243
1848
3365
3657
1335
2454
6212
5140
5583
5133
4223
4928
2572
1707
4415
4760
5860
2868
1265
3330
956
1855
5321
3255
1964
321
6403
4171
5848
3114
5914
5764
1074
5169
2133
7214
2492
1373
3457
521
1711
770
2683
2337
4863
5853
2311
3371
1882
5401
3713
4478
1584
112
5689
4454
5615
125
6415
2061
5359
5740
1768
5811
1640
3854
7033
2567
2202
3159
4315
2037
3434
5654
4667
3267
6873
3157
5097
229
5124
6078
680
4457
6661
5046
4133
4228
630
6117
1344
5295
4450
2257
479
186
4618
3131
2389
4065
4523
2552
3703
267
279
382
145
3788
3914
6073
5737
4714
3880
5779
3728
7178
7065
2699
4255
7133
4577
4557
5904
6396
1656
4009
4836
2336
6590
3361
6318
1400
5069
3866
342
7131
4590
5816
4687
27
1523
5131
5474
223
4708
7132
5057
3206
4248
764
6189
3954
6533
3325
5923
5407
6740
2981
1220
4851
6728
1881
6978
4974
5836
4790
3822
4781
3212
1597
1963
7156
4064
2914
2650
5237
3524
6491
1030
3684
4736
5135
3545
6191
5688
2246
5574
1142
5553
3915
2861
1811
5714
4802
1527
823
3381
6969
5930
3881
4342
5342
6928
2825
3514
7077
891
7271
7258
353
2099
998
3472
897
2448
1348
127
3547
1652
5141
1235
4164
313
961
5420
2437
5269
305
5460
439
4486
4327
6262
1526
3453
334
3400
446
2992
5325
443
1046
1212
1463
4444
1126
7188
5174
1209
4428
2127
3681
6601
6833
1985
4360
2569
3418
5106
5335
5481
399
584
557
789
3865
3015
6032
6659
2062
5344
1515
1624
5445
7002
37
4036
5390
3581
1518
6083
2105
2380
3373
57
7216
5519
131
3185
3841
2532
2989
4281
5794
1755
7029
1536
7163
872
3160
5631
5791
2088
3965
1683
3794
538
3592
1507
3060
5551
1806
1539
6739
3072
2430
2584
3764
2090
3668
4481
6586
5695
1713
4019
3710
2600
323
2195
4840
316
301
4114
1579
5610
3318
6526
676
372
3093
1307
1451
893
1346
729
4032
3803
123
1520
5419
5496
1646
4894
4555
5469
1301
4993
5802
920
2427
205
4014
2591
6465
6504
5421
4400
7128
1783
2220
1878
2547
814
1792
6296
340
1229
2910
6220
448
3909
486
7010
2231
4786
6024
3529
5666
4722
4265
4659
4517
379
3207
4806
4531
2818
5760
6835
1982
6495
4277
6505
569
5516
2258
3234
2126
2777
629
6502
2235
2515
3959
2723
5729
3720
5915
4855
377
4950
5107
7093
2265
6930
6425
2712
6213
3236
1913
5043
1444
6958
4805
5887
6906
6616
2328
3462
3906
3113
4891
1428
5294
3517
482
2661
453
4380
7040
1377
990
1622
6766
1734
3958
1107
2493
2074
3824
2964
5414
3682
5702
480
4791
6045
577
5612
1874
2577
191
6373
6156
5021
2484
6702
3018
2663
3270
666
7044
4138
370
2081
4932
1753
5571
4293
488
806
6871
955
3336
7280
2462
5060
848
6310
6848
2729
790
4244
952
6321
1960
3199
59
5041
1375
2881
1218
4828
4609
5184
6162
6168
4438
1623
4200
2634
2993
351
5793
1234
1434
761
6186
7229
2102
762
3403
5251
1866
4594
2404
4116
7289
2594
811
178
4262
4359
7158
6289
621
4124
3835
3787
4254
6298
6282
576
1178
291
2563
1441
3610
6480
6657
847
478
2230
85
6672
7232
1370
987
2020
6941
5975
6874
4724
5073
5906
7222
4373
2858
5322
1108
1591
4697
2625
4466
3685
4698
4739
6913
1650
1105
6662
5494
2908
6072
1942
4939
7081
4129
6226
4784
4850
994
4661
7015
2580
3994
6379
1586
1659
319
2222
88
104
4412
929
2940
1632
3828
6067
1572
5227
6630
4152
6611
4434
6786
1185
4264
