6393
940
784
7247
1555
5518
5337
1773
1049
6764
2912
1802
4246
667
483
2938
7262
139
6444
6842
3873
3510
3379
2109
2920
6678
3420
1850
1675
1059
528
2068
5312
4656
3321
2504
3094
1320
6240
795
5958
420
2733
744
4266
6987
1952
4291
4701
3701
6486
1606
5313
5449
5139
3376
5092
6284
974
5948
1618
2275
2174
4713
7223
3894
3084
3333
4367
3247
4575
5558
6936
4130
1769
1905
4463
289
2234
497
3377
2412
2598
564
4545
1858
3628
6097
4588
6400
3689
4604
1333
6779
375
4956
589
781
5155
5658
3892
1002
2445
1413
4288
2669
5472
2204
1641
2782
7075
258
895
5353
1779
4868
747
5146
5457
3171
767
5746
880
118
10
1061
385
707
4910
2477
208
2596
623
6102
739
5632
980
1050
1101
619
4500
4374
6053
4511
6723
6727
6022
5512
1295
4050
5258
4723
6221
484
2217
4005
5479
4899
3024
2281
6571
7061
6134
3884
7184
5919
4081
4201
3733
1409
1717
5179
5594
798
5971
6536
4432
5047
1252
4002
3463
1056
1263
3003
348
4351
4261
2766
6269
7116
6975
6091
1670
2007
172
518
4089
32
1747
868
